1 0.0 0.0 0.0
2 1.1409043073654175 1.4891244173049927 0.7697862386703491
3 1.3483271598815918 1.3173686265945435 0.8462385535240173
4 1.181471347808838 1.67585027217865 0.871728777885437
5 1.601436734199524 1.9193669557571411 0.877909779548645
6 1.7355488538742065 1.9474126100540161 0.9150012135505676
7 1.5328484773635864 1.9417952299118042 0.7385694980621338
8 1.8057711124420166 2.2532427310943604 0.842534065246582
9 1.8426337242126465 2.2448458671569824 0.6802489161491394
10 1.8558907508850098 2.281141519546509 0.8930202722549438
11 1.7454562187194824 2.42358136177063 0.7361712455749512
12 1.4242535829544067 2.6052072048187256 0.7567338347434998
13 1.5753639936447144 2.5770816802978516 0.6887576580047607
14 1.685143232345581 1.909683346748352 0.8221781849861145
15 1.5337843894958496 1.8432561159133911 0.8001881837844849
16 1.6940512657165527 2.4603793621063232 0.6747098565101624
17 1.6862930059432983 2.539696216583252 0.8483986854553223
18 1.9568549394607544 2.43489933013916 0.8185862302780151
19 1.6218644380569458 2.2966878414154053 0.7997044324874878
20 1.6513365507125854 2.4640300273895264 0.7155601978302002
21 1.5130330324172974 2.5080456733703613 0.7555088400840759
22 1.507088541984558 2.4281277656555176 0.8023143410682678
23 1.6403261423110962 2.5570688247680664 0.7423719763755798
24 1.7277822494506836 2.4878745079040527 0.7937023639678955
25 1.8803067207336426 2.76690936088562 0.7235442399978638
26 1.9923676252365112 2.6554291248321533 0.7630177140235901
27 1.9393227100372314 2.5126941204071045 0.7807617783546448
28 1.9512546062469482 2.3746695518493652 0.7551557421684265
29 1.9428164958953857 2.5322225093841553 0.8730691075325012
30 1.9808669090270996 2.590099811553955 0.9190381765365601
31 1.7202918529510498 2.3635034561157227 0.848978579044342
32 1.7927658557891846 2.3789563179016113 0.8764770030975342
33 1.773217797279358 2.8137593269348145 0.974724292755127
34 2.1669764518737793 2.3247485160827637 0.9531569480895996
35 1.8474091291427612 2.3294730186462402 0.8695455193519592
36 1.8981772661209106 2.1903653144836426 0.8166148662567139
37 1.9006807804107666 2.620366096496582 0.785629153251648
38 1.9172114133834839 2.481715202331543 0.8313747644424438
39 2.006152868270874 2.519832134246826 0.8269665837287903
40 1.8747918605804443 2.492697238922119 0.9366771578788757
41 1.7324881553649902 2.7373013496398926 0.829217255115509
42 1.915264368057251 2.609666585922241 0.8237431049346924
43 2.082284450531006 2.520927667617798 0.9073765873908997
44 2.1164677143096924 2.885927677154541 0.9720057249069214
45 2.185310125350952 2.8776471614837646 0.9348412156105042
46 2.237342596054077 3.2270731925964355 0.9963347911834717
47 2.234595775604248 2.70082688331604 1.0086601972579956
48 2.228950262069702 2.586484432220459 0.8728330135345459
49 2.2785263061523438 2.5612945556640625 0.9807561635971069
50 2.1055452823638916 2.582726240158081 1.135258436203003
51 2.2382421493530273 2.458204984664917 0.9553824067115784
52 1.9876365661621094 2.453841209411621 1.0198891162872314
53 2.0655465126037598 2.5843253135681152 0.9945229291915894
54 2.1948554515838623 2.5165581703186035 0.8652883768081665
55 2.123082160949707 2.558546304702759 0.9374138116836548
56 2.034931182861328 2.446446418762207 0.9807629585266113
57 2.104365587234497 2.4974639415740967 0.9967817664146423
58 1.9604045152664185 2.6256258487701416 1.0847065448760986
59 2.2228400707244873 2.518523931503296 1.0884888172149658
60 1.9583332538604736 2.4992733001708984 1.1353563070297241
61 2.194438934326172 2.476917266845703 1.1928324699401855
62 2.1468307971954346 2.7922770977020264 1.1568348407745361
63 2.2081377506256104 2.696187973022461 1.114893913269043
64 2.216146230697632 2.566530704498291 1.1057367324829102
65 2.2414839267730713 2.5453543663024902 1.0462884902954102
66 2.347478151321411 2.665846824645996 1.1560369729995728
67 2.2094552516937256 2.5790557861328125 1.0364559888839722
68 2.067046642303467 2.5927438735961914 1.070554256439209
69 2.1770756244659424 2.4544546604156494 1.1771461963653564
70 2.3082950115203857 2.6219093799591064 1.1473172903060913
71 2.3357417583465576 2.665748119354248 1.029329538345337
72 2.3606231212615967 2.6347458362579346 1.0607668161392212
73 2.159120798110962 2.6814186573028564 0.9789602756500244
74 2.4525043964385986 2.5776286125183105 1.172826886177063
75 2.1938531398773193 2.417318820953369 1.1593270301818848
76 2.241462230682373 2.672664165496826 1.0092661380767822
77 2.3214542865753174 2.627969264984131 0.9388763308525085
78 2.2549843788146973 2.6529970169067383 1.0667506456375122
79 2.2835967540740967 2.4624500274658203 0.9945177435874939
80 2.412055015563965 2.6806271076202393 1.0712465047836304
81 2.226505756378174 2.5691561698913574 1.0118643045425415
82 2.332096815109253 2.4732987880706787 0.9876766204833984
83 2.2902626991271973 2.455691337585449 1.0270196199417114
84 2.419050693511963 2.6210360527038574 0.9329562187194824
85 2.500601053237915 2.6551496982574463 1.0983117818832397
86 2.475849151611328 2.9431190490722656 1.1338344812393188
87 2.4828178882598877 2.468602180480957 0.9512975811958313
88 2.368643045425415 2.7881228923797607 0.9941173195838928
89 2.4255270957946777 2.6178500652313232 1.1182600259780884
90 2.5094659328460693 2.6611251831054688 0.9757909178733826
91 2.4532980918884277 2.4589755535125732 1.038885235786438
92 2.4917855262756348 2.535311698913574 1.1372052431106567
93 2.5251848697662354 2.5570106506347656 1.115189790725708
94 2.390880823135376 2.674201011657715 1.3155860900878906
95 2.4724009037017822 3.009092330932617 1.079207420349121
96 2.4655401706695557 2.630122423171997 1.0627089738845825
97 2.597473621368408 2.809919834136963 1.1453020572662354
98 2.5725879669189453 2.6215627193450928 1.0459439754486084
99 2.5596916675567627 2.5756659507751465 1.0952860116958618
100 2.4397389888763428 2.652992010116577 1.1593683958053589
101 2.6560046672821045 2.7163305282592773 1.2802265882492065
102 2.669302463531494 2.416445255279541 1.2014950513839722
103 2.5551676750183105 2.5918664932250977 1.2098263502120972
104 2.5196986198425293 2.363831043243408 1.21390962600708
105 2.6719391345977783 2.6561083793640137 1.1489570140838623
106 2.7035131454467773 2.5124762058258057 1.175074815750122
107 2.5736076831817627 2.4766125679016113 1.193299412727356
108 2.5996670722961426 3.0821588039398193 1.21092689037323
109 2.68677020072937 2.912177801132202 1.2188831567764282
110 2.569993019104004 2.7553038597106934 1.0680838823318481
111 2.5619261264801025 2.705382823944092 1.0786563158035278
112 2.46976375579834 2.5627617835998535 1.1906015872955322
113 2.5530996322631836 2.383249282836914 1.0469716787338257
114 2.5637435913085938 2.87359356880188 1.12545907497406
115 2.675163984298706 2.6904163360595703 1.1816939115524292
116 2.604257106781006 2.8258488178253174 1.0816959142684937
117 2.4467103481292725 2.9781854152679443 1.0722441673278809
118 2.636352300643921 2.6924285888671875 1.2358989715576172
119 2.6118383407592773 2.68493914604187 0.922356367111206
120 2.7358293533325195 2.6903462409973145 1.1575438976287842
121 2.8834147453308105 2.6742265224456787 1.2834382057189941
122 2.6345293521881104 2.5676941871643066 1.0928553342819214
123 2.66400146484375 2.560004711151123 1.2029207944869995
124 2.6562447547912598 2.4893064498901367 1.425646185874939
125 2.774662494659424 2.679938316345215 1.2125940322875977
126 2.8068654537200928 2.3059027194976807 1.2345597743988037
127 2.6590113639831543 2.558979034423828 1.0663096904754639
128 2.5796079635620117 2.490431547164917 1.0775796175003052
129 2.663721799850464 2.572202682495117 1.2075480222702026
130 2.69179368019104 2.5827677249908447 1.2124559879302979
131 2.6317620277404785 2.553703546524048 1.129783272743225
132 2.7471790313720703 2.697723150253296 1.2718745470046997
133 2.647402763366699 2.7063863277435303 1.1634565591812134
134 2.7917087078094482 2.9072370529174805 1.2738184928894043
135 2.796477794647217 2.699816942214966 1.2479679584503174
136 2.6089534759521484 2.6206202507019043 1.183702826499939
137 2.8614003658294678 2.6494574546813965 1.1465566158294678
138 2.7365477085113525 2.794973850250244 1.3341305255889893
139 2.762880802154541 2.518690347671509 1.290108561515808
140 2.691818952560425 2.7320001125335693 1.3760231733322144
141 2.5776565074920654 2.533646821975708 1.2937381267547607
142 2.579836845397949 2.4501073360443115 1.153244137763977
143 2.6281025409698486 3.1013877391815186 1.147853970527649
144 2.709926128387451 2.7800722122192383 1.2741458415985107
145 2.909644603729248 2.3943212032318115 1.4767115116119385
146 2.8001556396484375 3.5697178840637207 1.1436573266983032
147 2.7072415351867676 3.3697402477264404 1.3715147972106934
148 2.869107484817505 3.5349833965301514 1.1954718828201294
149 2.7604849338531494 2.3900740146636963 1.087451457977295
150 2.5840346813201904 2.5354671478271484 1.0704747438430786
151 2.6093647480010986 2.482344627380371 1.0365041494369507
152 2.6857943534851074 2.4773194789886475 1.038722038269043
153 2.597630023956299 3.039846658706665 1.0458711385726929
154 2.5685062408447266 2.5070526599884033 1.1047639846801758
155 2.6383473873138428 2.237074375152588 0.9956722259521484
156 2.655555486679077 2.6318347454071045 1.2430846691131592
157 2.670105218887329 2.4900479316711426 1.4103777408599854
158 2.603468179702759 2.791959762573242 1.1271941661834717
159 2.6976916790008545 2.633462905883789 1.3091214895248413
160 2.7326080799102783 2.7591543197631836 1.3066288232803345
161 2.794921398162842 3.2567248344421387 1.2573654651641846
162 2.92977237701416 3.0683488845825195 1.3077144622802734
163 2.942470073699951 2.7444491386413574 1.1656935214996338
164 2.7176191806793213 2.8859217166900635 1.2273837327957153
165 2.8895249366760254 3.0546700954437256 1.136116862297058
166 2.784269332885742 2.603494644165039 1.1757785081863403
167 2.6358120441436768 2.833359718322754 1.1209336519241333
168 2.7310984134674072 2.7465736865997314 1.1507840156555176
169 2.5783252716064453 2.604923963546753 1.1541602611541748
170 2.542024612426758 2.9445042610168457 1.2657670974731445
171 2.4898345470428467 2.7044191360473633 1.3035036325454712
172 2.618589162826538 3.130526542663574 1.171565055847168
173 2.6431493759155273 2.7006609439849854 1.2984572649002075
174 2.780701160430908 3.0639097690582275 1.1537514925003052
175 3.022526502609253 3.2865142822265625 1.0896917581558228
176 3.1819911003112793 2.9767673015594482 1.4484443664550781
177 3.0975990295410156 3.065244197845459 1.3227330446243286
178 3.335059404373169 3.046261787414551 1.2218520641326904
179 3.2221293449401855 2.9448418617248535 1.1294490098953247
180 3.311163902282715 2.7779831886291504 1.298162579536438
181 3.1205079555511475 2.8129289150238037 1.2410811185836792
182 2.9508044719696045 2.8259239196777344 1.0767463445663452
183 3.131669759750366 3.032346487045288 1.217216968536377
184 3.005486488342285 2.648648500442505 1.2278944253921509
185 3.183238983154297 2.8891947269439697 1.2102001905441284
186 2.89155912399292 3.2331430912017822 1.1490790843963623
187 2.9768035411834717 2.8493998050689697 1.1478770971298218
188 2.8336801528930664 3.0966103076934814 1.1256884336471558
189 2.759199380874634 2.5830013751983643 1.1719213724136353
190 2.9206695556640625 2.9904022216796875 1.1318559646606445
191 2.9844110012054443 3.032804012298584 1.1118032932281494
192 3.0377957820892334 2.6115920543670654 1.0910496711730957
193 3.006089448928833 2.644888162612915 1.1936789751052856
194 2.896773338317871 2.3137898445129395 1.173241138458252
195 2.8777012825012207 2.5811424255371094 1.0420342683792114
196 3.1474690437316895 2.5028040409088135 1.1325721740722656
197 2.8785722255706787 2.3383898735046387 0.9855521321296692
198 3.0941238403320313 2.6763689517974854 1.2324225902557373
199 2.843719482421875 2.544630289077759 1.1738266944885254
200 2.793766975402832 2.7380666732788086 1.321872591972351
201 2.729585647583008 2.888293743133545 1.300233244895935
202 2.6044139862060547 2.64882230758667 1.1058021783828735
203 2.692209482192993 3.102431058883667 1.0237512588500977
204 2.5242438316345215 2.6993248462677 1.1602022647857666
205 2.4879026412963867 2.7279319763183594 1.1191456317901611
206 2.5917418003082275 2.708407163619995 1.220379114151001
207 2.7665882110595703 2.7632689476013184 1.2560056447982788
208 2.7012484073638916 2.7880353927612305 1.2332546710968018
209 2.6703619956970215 2.745424270629883 1.1787536144256592
210 2.797933340072632 2.8595218658447266 1.11064612865448
211 2.7844812870025635 2.6839852333068848 1.121561884880066
212 2.6468257904052734 2.7868494987487793 1.0392571687698364
213 2.5344760417938232 2.747987985610962 1.0511585474014282
214 2.7377796173095703 2.9520769119262695 1.192976474761963
215 2.6869897842407227 2.809691905975342 1.0982686281204224
216 2.6844005584716797 2.7805893421173096 1.1140787601470947
217 2.8327202796936035 2.7371935844421387 1.2154946327209473
218 2.6900012493133545 2.7053682804107666 1.227789044380188
219 2.820035457611084 2.775177240371704 1.118538498878479
220 2.422104835510254 2.713738441467285 1.193157434463501
221 2.553227424621582 2.6502737998962402 1.270042061805725
222 2.5880484580993652 2.6679978370666504 1.2729206085205078
223 2.7125532627105713 2.3737070560455322 1.1317239999771118
224 2.525131940841675 2.582972526550293 1.3144524097442627
225 2.515561103820801 2.472912311553955 1.159361720085144
226 2.6025798320770264 2.370830535888672 1.2653021812438965
227 2.6422784328460693 2.496967077255249 1.2305432558059692
228 2.605059862136841 2.6328821182250977 1.2613122463226318
229 2.611229419708252 2.7073845863342285 1.339135766029358
230 2.6232779026031494 2.7490339279174805 1.256960391998291
231 2.5108625888824463 2.5436456203460693 1.2275007963180542
232 2.6405029296875 2.3219656944274902 1.177788496017456
233 2.617591381072998 2.187415599822998 1.3034765720367432
234 2.5319886207580566 2.538648843765259 1.2965232133865356
235 2.6930768489837646 2.495149612426758 1.3424335718154907
236 2.7569215297698975 2.6237430572509766 1.195544719696045
237 2.8189291954040527 2.4460251331329346 1.2830506563186646
238 2.8364298343658447 2.278277635574341 1.445730209350586
239 2.6608009338378906 2.4223814010620117 1.0326117277145386
240 2.7328789234161377 2.7021234035491943 1.1783103942871094
241 2.6342999935150146 2.4517977237701416 1.2124766111373901
242 2.6698460578918457 2.6481807231903076 1.3789732456207275
243 2.614189386367798 2.415804386138916 1.2560629844665527
244 2.6564202308654785 2.75805401802063 1.1400530338287354
245 2.7901902198791504 2.6124017238616943 1.2079483270645142
246 2.837400197982788 2.4520349502563477 1.2292369604110718
247 2.704071044921875 2.344939947128296 1.233716607093811
248 2.6262481212615967 2.555790662765503 1.1616144180297852
249 2.6070704460144043 2.414318561553955 1.1804391145706177
250 2.6303369998931885 2.427015781402588 1.2072349786758423
251 2.7619619369506836 2.4193668365478516 1.207515835762024
252 2.945142984390259 2.357459545135498 1.330309271812439
253 2.6528079509735107 2.5666940212249756 1.2335731983184814
254 2.4315500259399414 2.5173966884613037 1.178226351737976
255 2.536799430847168 2.6011433601379395 1.2624750137329102
256 2.676363706588745 2.531717538833618 1.2505370378494263
257 2.767664909362793 2.4822373390197754 1.30745530128479
258 2.614018201828003 2.6154119968414307 1.3440923690795898
259 2.570599317550659 2.364384412765503 1.2131701707839966
260 2.5270841121673584 2.305692672729492 1.1175991296768188
261 2.5668458938598633 2.603869676589966 1.2955132722854614
262 2.643281936645508 2.5439462661743164 1.1723912954330444
263 2.666692018508911 2.626997947692871 1.2219560146331787
264 2.5588200092315674 2.5359859466552734 1.3312844038009644
265 2.5920214653015137 2.513188362121582 1.2457813024520874
266 2.602764368057251 2.6621267795562744 1.1810485124588013
267 2.683194160461426 2.2908051013946533 1.2325167655944824
268 2.571725368499756 2.490041971206665 1.4253315925598145
269 2.672974109649658 2.4022481441497803 1.3647421598434448
270 2.6161601543426514 2.6051244735717773 1.248226284980774
271 2.5076684951782227 2.718843936920166 1.3036119937896729
272 2.634411096572876 2.69051456451416 1.240427017211914
273 2.4516677856445313 2.4809463024139404 1.339360237121582
274 2.484729766845703 2.3875441551208496 1.2350529432296753
275 2.4915153980255127 2.387010097503662 1.2899086475372314
276 2.5147335529327393 2.3898181915283203 1.223649501800537
277 2.409362316131592 2.339514970779419 1.3293873071670532
278 2.4215009212493896 2.2047464847564697 1.3849542140960693
279 2.4657132625579834 2.356701374053955 1.3493578433990479
280 2.416182518005371 2.5029451847076416 1.26039719581604
281 2.3363046646118164 2.32820987701416 1.4170775413513184
282 2.3924858570098877 2.481415033340454 1.4562299251556396
283 2.33005690574646 2.263681173324585 1.2749654054641724
284 2.4432082176208496 2.4571168422698975 1.270051121711731
285 2.3761301040649414 2.2933554649353027 1.0763541460037231
286 2.280428647994995 2.593303918838501 1.1031901836395264
287 2.318908452987671 2.2357540130615234 1.217374324798584
288 2.47152042388916 2.154731512069702 1.3082860708236694
289 2.5170693397521973 2.2180285453796387 1.3940519094467163
290 2.4456686973571777 2.44588041305542 1.2012778520584106
291 2.4818475246429443 2.3410401344299316 1.2582712173461914
292 2.4031291007995605 2.249040365219116 1.2104160785675049
293 2.527317762374878 2.3418350219726563 1.2441108226776123
294 2.520066022872925 2.326951742172241 1.3080476522445679
295 2.5979163646698 2.434213876724243 1.4736766815185547
296 2.3889925479888916 2.3520944118499756 1.3097325563430786
297 2.4995169639587402 2.674811363220215 1.4206268787384033
298 2.389439105987549 2.4822919368743896 1.6056811809539795
299 2.532654285430908 2.4193739891052246 1.478764533996582
300 2.548178195953369 2.3773510456085205 1.3464244604110718
301 2.4939088821411133 2.217238426208496 1.401381015777588
302 2.344226598739624 2.213423252105713 1.4300140142440796
303 2.6974494457244873 2.332858085632324 1.4641016721725464
304 2.4844260215759277 2.2563769817352295 1.262722134590149
305 2.3072168827056885 2.4498684406280518 1.2364710569381714
306 2.5075931549072266 2.4686055183410645 1.3466627597808838
307 2.4302432537078857 3.0503430366516113 1.3895739316940308
308 2.5347554683685303 2.8670833110809326 1.412207841873169
309 2.453742265701294 3.015108823776245 1.2740007638931274
310 2.4774279594421387 2.9666523933410645 1.3378318548202515
311 2.7133331298828125 3.3344810009002686 1.3364356756210327
312 2.631727695465088 3.245894432067871 1.2273982763290405
313 2.720388889312744 3.319742202758789 1.4091607332229614
314 2.5595896244049072 3.2238659858703613 1.2645844221115112
315 2.589071750640869 3.535484790802002 1.3927311897277832
316 2.702453851699829 3.341529369354248 1.2283356189727783
317 2.7889821529388428 3.1222593784332275 1.3683058023452759
318 3.0190422534942627 3.2793219089508057 1.4687786102294922
319 2.8298439979553223 3.339590549468994 1.4879636764526367
320 2.704728841781616 3.135666847229004 1.267322301864624
321 2.5498898029327393 2.9573800563812256 1.3372522592544556
322 2.4404916763305664 3.211423397064209 1.4195001125335693
323 2.463850736618042 3.129991292953491 1.3340771198272705
324 2.4035654067993164 3.180166244506836 1.3439446687698364
325 2.574305534362793 3.0910747051239014 1.4529277086257935
326 2.7982213497161865 3.8932244777679443 1.348983645439148
327 2.7013375759124756 3.6189444065093994 1.377124547958374
328 2.669090509414673 3.087481737136841 1.5078980922698975
329 2.5227901935577393 3.497295379638672 1.3763476610183716
330 2.4685144424438477 3.52243709564209 1.4503182172775269
331 2.3983685970306396 3.7304396629333496 1.3595104217529297
332 2.479663610458374 3.3082542419433594 1.2695674896240234
333 2.4729650020599365 3.2487382888793945 1.3162246942520142
334 2.5584845542907715 3.4592044353485107 1.4044463634490967
335 2.621051073074341 3.15460205078125 1.3937535285949707
336 2.5094106197357178 3.3829805850982666 1.4249979257583618
337 2.5958681106567383 3.117655038833618 1.2728931903839111
338 2.399491548538208 3.137967348098755 1.3323067426681519
339 2.434591054916382 3.0678980350494385 1.2084131240844727
340 2.511986017227173 3.1754369735717773 1.3994808197021484
341 2.6699225902557373 3.42704439163208 1.2513618469238281
342 2.5698294639587402 3.3114020824432373 1.539945363998413
343 2.617509126663208 3.6597797870635986 1.5452373027801514
344 2.28132963180542 3.5554592609405518 1.2559913396835327
345 2.729642868041992 3.5853054523468018 1.3678646087646484
346 2.544363021850586 3.2905635833740234 1.3284884691238403
347 2.7387945652008057 3.3163046836853027 1.452113389968872
348 2.637112855911255 3.445955514907837 1.364942193031311
349 2.706881523132324 3.5057544708251953 1.3255411386489868
350 2.7553632259368896 3.2638115882873535 1.3247839212417603
351 2.654920816421509 3.8443470001220703 1.2772541046142578
352 2.702030658721924 3.7826366424560547 1.2694658041000366
353 2.4937896728515625 3.1863982677459717 1.2650765180587769
354 2.5583276748657227 3.317880153656006 1.2450921535491943
355 2.7086265087127686 3.5018739700317383 1.4156217575073242
356 2.6070547103881836 3.420860767364502 1.1990857124328613
357 2.5112156867980957 3.188168525695801 1.2969940900802612
358 2.528592109680176 3.119518518447876 1.1696983575820923
359 2.6002628803253174 3.103832483291626 1.2905391454696655
360 2.407242774963379 3.693678379058838 1.1753568649291992
361 2.775209426879883 3.342129945755005 1.3252538442611694
362 2.6153128147125244 3.4219627380371094 1.2809169292449951
363 2.5036511421203613 3.3339855670928955 1.2572882175445557
364 2.4156494140625 3.745054244995117 1.3334828615188599
365 2.6420528888702393 3.8036949634552 1.2762856483459473
366 2.457517147064209 3.8949193954467773 1.3849695920944214
367 2.5678443908691406 3.8376314640045166 1.3529644012451172
368 2.580862283706665 4.193263530731201 1.1699172258377075
369 2.724168300628662 3.743966579437256 1.2365509271621704
370 2.5767335891723633 3.7044341564178467 1.3281023502349854
371 2.6770548820495605 3.8315742015838623 1.397128939628601
372 2.670905828475952 3.167440891265869 1.418569803237915
373 2.6734273433685303 3.377833366394043 1.290704607963562
374 2.6145637035369873 3.4045238494873047 1.3027302026748657
375 2.6505770683288574 3.821293354034424 1.3494901657104492
376 2.517481565475464 3.471423864364624 1.3080580234527588
377 2.631593704223633 3.5823910236358643 1.2462637424468994
378 2.649703025817871 3.196925163269043 1.3304425477981567
379 2.7192811965942383 3.442326784133911 1.4015216827392578
380 2.447564125061035 3.521610975265503 1.3278346061706543
381 2.503215789794922 3.6602418422698975 1.4571298360824585
382 2.6143362522125244 3.1641464233398438 1.2956786155700684
383 2.7325656414031982 3.5024874210357666 1.435683250427246
384 2.857313871383667 3.7933948040008545 1.372137427330017
385 2.6980631351470947 3.249080181121826 1.277555227279663
386 2.6629955768585205 3.3977906703948975 1.3749011754989624
387 2.6276516914367676 3.6055009365081787 1.3487563133239746
388 2.7159857749938965 3.5540661811828613 1.394657850265503
389 2.821991205215454 3.732506513595581 1.3237926959991455
390 2.6645286083221436 3.072274923324585 1.310623288154602
391 2.684913396835327 3.344886541366577 1.2033886909484863
392 2.5896213054656982 3.0973148345947266 1.1679219007492065
393 2.606685161590576 3.1214563846588135 1.3518834114074707
394 2.5156919956207275 3.221818685531616 1.3104549646377563
395 2.73195743560791 3.3800950050354004 1.2802213430404663
396 2.8993442058563232 3.0317041873931885 1.3488668203353882
397 2.70219087600708 2.979365348815918 1.4182111024856567
398 2.765630006790161 3.280482053756714 1.3988474607467651
399 2.694230318069458 3.274710178375244 1.34129798412323
400 2.7319862842559814 3.1983089447021484 1.2990341186523438
401 2.6591029167175293 3.193704605102539 1.2862826585769653
402 2.856224775314331 3.564955472946167 1.2963521480560303
403 2.936387300491333 3.2924420833587646 1.362145185470581
404 2.657191038131714 3.1439244747161865 1.2924275398254395
405 2.584192991256714 3.2215325832366943 1.1866953372955322
406 2.6871674060821533 3.1772375106811523 1.2174911499023438
407 2.6696512699127197 2.964958429336548 1.2622122764587402
408 2.7682912349700928 3.6537368297576904 1.2763694524765015
409 2.8047568798065186 3.1003854274749756 1.229935884475708
410 2.728325366973877 3.320169448852539 1.2628257274627686
411 2.8978958129882813 3.1696200370788574 1.3346643447875977
412 2.710481882095337 3.1385626792907715 1.349738597869873
413 2.8020925521850586 3.357908248901367 1.3705086708068848
414 2.5883941650390625 3.2297792434692383 1.3583718538284302
415 2.649568796157837 3.473839521408081 1.3014851808547974
416 2.510089635848999 3.1189796924591064 1.283128261566162
417 2.6000187397003174 3.2586987018585205 1.4186753034591675
418 2.4592084884643555 3.1852638721466064 1.2651855945587158
419 2.530118465423584 2.8765580654144287 1.2825045585632324
420 2.4780163764953613 3.111340284347534 1.410089373588562
421 2.5162508487701416 3.309135913848877 1.4061768054962158
422 2.608046293258667 3.0579171180725098 1.4699221849441528
423 2.6120681762695313 3.460139513015747 1.3851029872894287
424 2.6780881881713867 3.2804574966430664 1.466145634651184
425 2.6090502738952637 3.366670608520508 1.3376096487045288
426 2.698047161102295 3.123763084411621 1.3636037111282349
427 2.6937880516052246 3.658518075942993 1.357987403869629
428 2.665144443511963 3.0529305934906006 1.3374313116073608
429 2.7113513946533203 3.1608963012695313 1.5052473545074463
430 2.8378562927246094 3.243910789489746 1.4790054559707642
431 2.8113455772399902 3.2534329891204834 1.256102204322815
432 2.721728801727295 3.0008413791656494 1.3772984743118286
433 2.654240131378174 3.396042585372925 1.242997407913208
434 2.5512373447418213 3.362711191177368 1.241021752357483
435 2.5806772708892822 3.4818990230560303 1.3139503002166748
436 2.5698134899139404 3.760117769241333 1.332214593887329
437 2.522479772567749 3.6611461639404297 1.4566210508346558
438 2.6095430850982666 3.578059673309326 1.2992817163467407
439 2.6829917430877686 3.548532485961914 1.3718807697296143
440 2.6638200283050537 3.4531054496765137 1.3879534006118774
441 2.571329116821289 3.0964486598968506 1.4592610597610474
442 2.6029396057128906 3.347238063812256 1.3698886632919312
443 2.7117717266082764 3.0978102684020996 1.2144020795822144
444 2.7711219787597656 3.1544976234436035 1.21389901638031
445 2.558255195617676 3.089170217514038 1.2850593328475952
446 2.6962881088256836 3.0788943767547607 1.154283881187439
447 2.7422127723693848 3.0318539142608643 1.1652040481567383
448 2.7324001789093018 3.568551778793335 1.167852520942688
449 2.7769582271575928 3.1591572761535645 1.1159213781356812
450 2.582897424697876 3.5926363468170166 1.1053054332733154
451 2.6816599369049072 3.8860559463500977 1.1135061979293823
452 2.651895046234131 3.63419771194458 1.1188150644302368
453 2.8160624504089355 3.4712905883789063 1.3877573013305664
454 2.714400291442871 3.5133838653564453 1.3703649044036865
455 2.684964895248413 3.694535255432129 1.1503466367721558
456 2.7290918827056885 4.1128129959106445 1.2347992658615112
457 2.5214970111846924 3.736375331878662 1.22104012966156
458 2.5966074466705322 3.936082124710083 1.187239408493042
459 2.665121555328369 3.9829795360565186 1.2278715372085571
460 2.62865948677063 3.8619470596313477 1.2264726161956787
461 2.5358829498291016 3.657803535461426 1.1426054239273071
462 2.5474307537078857 3.699775218963623 1.196709156036377
463 2.7022862434387207 4.274439334869385 1.271597981452942
464 2.556739330291748 3.80049991607666 1.071725606918335
465 2.5470869541168213 3.4717864990234375 1.1258928775787354
466 2.6459696292877197 3.4173898696899414 1.168455719947815
467 2.689455509185791 3.6354501247406006 1.2038625478744507
468 2.7110366821289063 3.398283004760742 1.2656642198562622
469 2.701258897781372 4.000917911529541 1.2041659355163574
470 2.869091510772705 3.6290650367736816 1.2702053785324097
471 2.745100975036621 4.0624680519104 1.161436915397644
472 2.8023271560668945 4.366114139556885 1.1745284795761108
473 2.6306474208831787 4.352394104003906 1.2083168029785156
474 2.6953022480010986 4.119172096252441 1.1977041959762573
475 2.739321708679199 4.2291178703308105 1.2760523557662964
476 2.798588991165161 4.015885353088379 1.363101840019226
477 2.676551342010498 4.004739284515381 1.1579722166061401
478 2.6504132747650146 4.350486755371094 1.1868091821670532
479 2.64556884765625 3.8021576404571533 1.2337538003921509
480 2.7281129360198975 3.775010347366333 1.2293353080749512
481 2.581979751586914 3.6422204971313477 1.2546356916427612
482 2.5971479415893555 3.7204065322875977 1.193595290184021
483 2.5959222316741943 3.8225812911987305 1.2912925481796265
484 2.566420793533325 4.0785064697265625 1.238228440284729
485 2.5630204677581787 3.888420820236206 1.1444348096847534
486 2.6614928245544434 3.9974358081817627 1.1132477521896362
487 2.6092803478240967 4.004992485046387 1.1850882768630981
488 2.6461427211761475 4.0861406326293945 1.1714707612991333
489 2.660245418548584 3.764397144317627 1.1300835609436035
490 2.781966209411621 3.875946044921875 1.1952877044677734
491 2.512737274169922 3.8978323936462402 1.1081039905548096
492 2.546654462814331 3.654404640197754 1.1548653841018677
493 2.6455821990966797 3.3822875022888184 1.2270852327346802
494 2.568859338760376 3.6762712001800537 1.173781156539917
495 2.6996445655822754 3.871458053588867 1.268139362335205
496 2.5389676094055176 4.121427536010742 1.19921875
497 2.470454692840576 4.270287990570068 1.151890516281128
498 2.7449214458465576 4.364248275756836 1.1962541341781616
499 2.7384908199310303 4.324733734130859 1.2652170658111572
500 2.7120537757873535 4.270217418670654 1.2349998950958252
501 2.598271131515503 4.453183174133301 1.1519100666046143
502 2.637821912765503 4.393766403198242 1.234259009361267
503 2.6147408485412598 4.6312432289123535 1.2327215671539307
504 2.790574550628662 4.4076361656188965 1.2512003183364868
505 2.525578737258911 4.323290824890137 1.1372417211532593
506 2.696211576461792 4.398183822631836 1.1962494850158691
507 2.607816696166992 4.225733280181885 1.1890007257461548
508 2.7366397380828857 4.68180513381958 1.2999874353408813
509 2.5907626152038574 4.910019874572754 1.3341690301895142
510 2.566983938217163 4.97915506362915 1.197204828262329
511 2.565175771713257 4.575186729431152 1.0959497690200806
512 2.6325976848602295 4.423989295959473 1.174709677696228
513 2.741898536682129 4.681212425231934 1.1414306163787842
514 2.5806493759155273 4.6090898513793945 1.253604769706726
515 2.664252758026123 3.8388795852661133 1.2149537801742554
516 2.7050602436065674 3.8778018951416016 1.1955167055130005
517 2.644432306289673 3.9846673011779785 1.2436271905899048
518 2.7375149726867676 3.909893274307251 1.2686041593551636
519 2.634777307510376 3.292720317840576 1.210685133934021
520 2.770596504211426 3.37673282623291 1.2712833881378174
521 2.867828369140625 3.2007455825805664 1.3021032810211182
522 2.8188881874084473 3.5509023666381836 1.2631595134735107
523 2.839002847671509 3.4630541801452637 1.2901924848556519
524 2.947782278060913 3.1949799060821533 1.188546895980835
525 2.6956653594970703 3.439113140106201 1.161572813987732
526 2.708115816116333 3.412432909011841 1.2401114702224731
527 2.6055679321289063 4.105808734893799 1.1670140027999878
528 2.609851837158203 4.021067142486572 1.1624512672424316
529 2.729379653930664 4.86100959777832 1.165663480758667
530 2.832078695297241 4.628224849700928 1.1196107864379883
531 2.814446210861206 3.9179482460021973 1.1662135124206543
532 2.8247499465942383 3.4862823486328125 1.1411889791488647
533 2.8092000484466553 3.6424405574798584 1.1757667064666748
534 2.8956587314605713 3.8065383434295654 1.4459062814712524
535 2.7542757987976074 3.805201292037964 1.256857991218567
536 2.6908113956451416 3.825801372528076 1.172994613647461
537 2.812246084213257 3.5895519256591797 1.2538126707077026
538 2.6551764011383057 3.696873664855957 1.223239779472351
539 2.9639134407043457 3.5483362674713135 1.2910627126693726
540 2.7500131130218506 3.5244245529174805 1.1631689071655273
541 2.996922016143799 3.321108341217041 1.2764884233474731
542 2.805201530456543 3.5436294078826904 1.2501161098480225
543 3.02683162689209 3.378462314605713 1.3045780658721924
544 2.911815643310547 3.316699266433716 1.2896983623504639
545 2.8091864585876465 3.5014567375183105 1.3006539344787598
546 2.894073486328125 3.456411600112915 1.2369860410690308
547 2.9898757934570313 3.632880449295044 1.2420183420181274
548 2.980630874633789 3.6577136516571045 1.384866714477539
549 3.109084129333496 3.612185478210449 1.2562761306762695
550 2.8546836376190186 3.7793421745300293 1.280861258506775
551 2.8010730743408203 3.6598803997039795 1.1791514158248901
552 2.73940372467041 4.050881385803223 1.2709267139434814
553 3.1164345741271973 3.3286941051483154 1.448754906654358
554 2.854661464691162 3.3798999786376953 1.3182485103607178
555 2.85994553565979 3.474250316619873 1.2984720468521118
556 2.7841506004333496 3.404116153717041 1.244848608970642
557 2.767848253250122 3.436721086502075 1.283211588859558
558 2.68794846534729 3.5510051250457764 1.2389625310897827
559 2.8921406269073486 2.9848062992095947 1.334995985031128
560 2.803406238555908 3.1584742069244385 1.2498853206634521
561 2.7229816913604736 3.279143810272217 1.3089847564697266
562 2.6525895595550537 3.225259304046631 1.2139900922775269
563 2.7645516395568848 3.4633660316467285 1.2012836933135986
564 2.8720455169677734 3.2697250843048096 1.1955746412277222
565 2.82023549079895 3.3694634437561035 1.2342888116836548
566 2.898681879043579 3.392186164855957 1.2793748378753662
567 3.0065414905548096 3.4097089767456055 1.2124327421188354
568 2.908456563949585 3.0486879348754883 1.2420880794525146
569 2.9503142833709717 3.1421096324920654 1.2382574081420898
570 2.944127321243286 3.268939733505249 1.182108998298645
571 2.9248011112213135 3.804150342941284 1.1878429651260376
572 2.895028591156006 3.359546422958374 1.1683588027954102
573 2.7260313034057617 3.532541513442993 1.2639001607894897
574 2.548461437225342 3.2557334899902344 1.2454290390014648
575 2.7343573570251465 3.433242082595825 1.2023948431015015
576 2.5278985500335693 3.42000675201416 1.1366281509399414
577 2.812282085418701 3.4498531818389893 1.287028431892395
578 2.662121534347534 3.2149763107299805 1.1174238920211792
579 2.7563512325286865 3.8775808811187744 1.2539546489715576
580 2.7526607513427734 3.4748013019561768 1.2807214260101318
581 2.732592821121216 3.81752347946167 1.2714622020721436
582 2.8120737075805664 4.201981067657471 1.1945123672485352
583 2.7394614219665527 3.7458596229553223 1.2389813661575317
584 2.6477036476135254 3.419248342514038 1.2029880285263062
585 2.5928211212158203 3.478743314743042 1.1536321640014648
586 2.719674587249756 3.3485703468322754 1.1759116649627686
587 2.6826579570770264 3.567997694015503 1.2588517665863037
588 2.675396680831909 3.5733554363250732 1.180482268333435
589 2.778376817703247 3.7244527339935303 1.2584011554718018
590 2.6321589946746826 4.057722091674805 1.173770546913147
591 2.6384007930755615 4.310781478881836 1.1678158044815063
592 2.6373236179351807 3.9472758769989014 1.1795904636383057
593 2.7635397911071777 4.12748908996582 1.2546699047088623
594 2.797938585281372 4.518085956573486 1.226420283317566
595 2.7709176540374756 4.111706256866455 1.2124825716018677
596 2.6919848918914795 4.220991611480713 1.198489785194397
597 2.7789254188537598 4.676301956176758 1.1239694356918335
598 2.55502986907959 4.5914530754089355 1.2485581636428833
599 2.5660932064056396 4.6203389167785645 1.2829108238220215
600 2.740854024887085 4.2552947998046875 1.1089116334915161
601 2.7221975326538086 3.9305546283721924 1.208567500114441
602 2.8032963275909424 4.216002464294434 1.3427739143371582
603 2.6520793437957764 4.6761393547058105 1.2530004978179932
604 2.685676097869873 4.46480655670166 1.249607801437378
605 2.832348346710205 4.451974391937256 1.1647449731826782
606 2.7309725284576416 4.623599529266357 1.172813892364502
607 2.8121347427368164 4.821996212005615 1.2076610326766968
608 2.898101806640625 4.0939412117004395 1.2680517435073853
609 2.8472659587860107 4.246112823486328 1.2723172903060913
610 2.6890528202056885 4.425524711608887 1.2181323766708374
611 2.8497467041015625 4.3726277351379395 1.1828901767730713
612 2.728837490081787 4.231887340545654 1.23772132396698
613 2.900813341140747 4.141700267791748 1.178071141242981
614 2.8854172229766846 4.4306111335754395 1.220370888710022
615 2.8585526943206787 4.631268501281738 1.1851811408996582
616 2.8773515224456787 4.237559795379639 1.2451666593551636
617 2.813066244125366 4.8775200843811035 1.2326490879058838
618 2.7689342498779297 4.339897155761719 1.3815499544143677
619 2.797882556915283 4.628785133361816 1.1464385986328125
620 2.650836944580078 4.799746036529541 1.177182912826538
621 2.6546051502227783 4.8187150955200195 1.1324626207351685
622 2.726954698562622 5.354979515075684 1.0849189758300781
623 2.7620656490325928 4.9783525466918945 1.1613308191299438
624 2.7111856937408447 4.950530529022217 1.1163421869277954
625 2.519577741622925 4.776575088500977 1.0635581016540527
626 2.611910581588745 4.913735866546631 1.1369596719741821
627 2.641512155532837 4.5383453369140625 1.0971943140029907
628 2.6707112789154053 4.676724910736084 1.1020845174789429
629 2.6370294094085693 4.7272725105285645 1.1362431049346924
630 2.801792860031128 4.457738399505615 1.1992560625076294
631 2.711061954498291 4.738556385040283 1.2360482215881348
632 2.8109285831451416 4.054879188537598 1.3310874700546265
633 2.7685835361480713 4.059293270111084 1.2958587408065796
634 2.699720621109009 3.9253733158111572 1.245331048965454
635 2.889986991882324 4.3663411140441895 1.2656646966934204
636 2.774705171585083 4.407149314880371 1.2593039274215698
637 2.924489736557007 4.351713180541992 1.1980152130126953
638 2.875638008117676 3.9700162410736084 1.2844964265823364
639 2.7437825202941895 3.9862732887268066 1.2620042562484741
640 2.7532150745391846 4.175863265991211 1.224246859550476
641 2.6988582611083984 4.26517391204834 1.1719098091125488
642 2.729907751083374 4.4679999351501465 1.1616863012313843
643 2.7221765518188477 4.627429962158203 1.296331763267517
644 2.591749906539917 4.5587263107299805 1.1252689361572266
645 2.656832456588745 4.840580940246582 1.1816712617874146
646 2.6358447074890137 4.793814182281494 1.1187726259231567
647 2.7996878623962402 4.741255760192871 1.094674825668335
648 2.576171875 4.629908084869385 1.0705976486206055
649 2.6250574588775635 5.055571556091309 1.1339702606201172
650 2.741152048110962 4.511097431182861 1.120058298110962
651 2.638615608215332 4.520133018493652 1.242600917816162
652 2.6145761013031006 4.486328125 1.188571572303772
653 2.6691207885742188 4.284956455230713 1.2537007331848145
654 2.78430438041687 4.745987415313721 1.3090486526489258
655 2.7321949005126953 5.031927585601807 1.2209804058074951
656 2.6643004417419434 4.53843879699707 1.2084473371505737
657 2.657928228378296 4.424509525299072 1.1449167728424072
658 2.752429962158203 4.684918403625488 1.2710732221603394
659 2.8269150257110596 4.237824440002441 1.231042742729187
660 2.7692086696624756 4.701159477233887 1.2689664363861084
661 2.8323867321014404 4.633376598358154 1.1634877920150757
662 2.763876438140869 4.597090244293213 1.1665490865707397
663 2.7706639766693115 4.163763523101807 1.1731096506118774
664 2.8220155239105225 4.00481653213501 1.2129203081130981
665 2.7489445209503174 4.179898262023926 1.1883094310760498
666 2.625053882598877 3.958087682723999 1.1596918106079102
667 2.579439401626587 4.133398056030273 1.210921287536621
668 2.6423511505126953 4.244721412658691 1.2343251705169678
669 2.646467924118042 3.9924404621124268 1.2241287231445313
670 2.677556276321411 4.500500679016113 1.2881519794464111
671 2.695734739303589 4.326107978820801 1.236748456954956
672 2.6377909183502197 4.273580551147461 1.2660521268844604
673 2.7621212005615234 4.075743675231934 1.2578257322311401
674 2.828734874725342 4.094960689544678 1.3127042055130005
675 2.8310256004333496 4.258591175079346 1.3587489128112793
676 2.7580807209014893 4.106550693511963 1.3729450702667236
677 2.7983410358428955 4.317748069763184 1.3383270502090454
678 2.6352698802948 4.288136005401611 1.269964337348938
679 2.7400059700012207 4.399397373199463 1.3244268894195557
680 2.704456329345703 4.159080982208252 1.3208749294281006
681 2.700796127319336 4.325448989868164 1.209567666053772
682 2.6604506969451904 4.417428493499756 1.3224965333938599
683 2.7447431087493896 4.534176826477051 1.293299913406372
684 2.822951078414917 4.336669921875 1.2924628257751465
685 2.728445291519165 4.544701099395752 1.2700742483139038
686 2.8691704273223877 4.361551761627197 1.2524181604385376
687 2.5413148403167725 4.425631523132324 1.2837615013122559
688 2.7390997409820557 4.721334934234619 1.3647438287734985
689 2.8866260051727295 4.7647786140441895 1.3722442388534546
690 2.908853054046631 4.655514240264893 1.416216492652893
691 2.721200466156006 4.578722953796387 1.2501676082611084
692 2.808835506439209 4.603733539581299 1.3342394828796387
693 2.777451515197754 4.493502616882324 1.3069411516189575
694 2.784594774246216 4.897608757019043 1.2880138158798218
695 2.7685048580169678 4.696122646331787 1.160469651222229
696 2.723365068435669 4.7932915687561035 1.3756318092346191
697 2.6631102561950684 4.582127571105957 1.2964121103286743
698 2.775696277618408 4.697713375091553 1.292296290397644
699 2.758244514465332 4.681457042694092 1.3124973773956299
700 2.7046945095062256 4.8119611740112305 1.2641777992248535
701 2.7744100093841553 4.72802209854126 1.2308077812194824
702 2.8443479537963867 4.129688262939453 1.366283655166626
703 2.6988728046417236 4.913318157196045 1.3116754293441772
704 2.8647570610046387 4.567180633544922 1.2546201944351196
705 2.9770493507385254 4.084902286529541 1.286625623703003
706 2.967288017272949 4.11784029006958 1.421964168548584
707 2.800891637802124 3.5929043292999268 1.3977638483047485
708 2.753288984298706 3.878828287124634 1.2690409421920776
709 2.98199200630188 3.94909930229187 1.329565405845642
710 2.79268479347229 4.387683391571045 1.3049886226654053
711 2.6552629470825195 3.9426560401916504 1.2380205392837524
712 2.7697291374206543 4.042744159698486 1.1910425424575806
713 2.65509295463562 4.1103949546813965 1.2763895988464355
714 2.8238866329193115 4.322887420654297 1.3585472106933594
715 2.8280575275421143 4.200873374938965 1.3337490558624268
716 2.830416440963745 4.205130577087402 1.3799400329589844
717 2.914963722229004 4.382192134857178 1.488438367843628
718 2.889037847518921 4.522373676300049 1.2872225046157837
719 2.68196702003479 4.215236186981201 1.2083641290664673
720 2.6970255374908447 4.193698883056641 1.226091742515564
721 2.684800386428833 4.178606986999512 1.1943559646606445
722 2.656344175338745 3.9412481784820557 1.1708859205245972
723 2.711149215698242 4.2120866775512695 1.1418341398239136
724 2.704286575317383 4.206454277038574 1.288716197013855
725 2.8045084476470947 3.9149703979492188 1.232839584350586
726 2.8695030212402344 4.186087608337402 1.2209364175796509
727 2.750265121459961 4.129145622253418 1.2547553777694702
728 2.868494987487793 3.6328675746917725 1.3889104127883911
729 2.8656694889068604 3.8377749919891357 1.3363080024719238
730 2.9175469875335693 4.014986991882324 1.3589719533920288
731 2.9490396976470947 4.20088005065918 1.4224046468734741
732 2.7845518589019775 4.258983135223389 1.3737388849258423
733 2.7417094707489014 3.748978614807129 1.3633146286010742
734 2.8021867275238037 3.7304446697235107 1.2706644535064697
735 2.6807453632354736 4.186148166656494 1.304246187210083
736 2.7673826217651367 4.672857761383057 1.3523284196853638
737 2.8059842586517334 4.556714057922363 1.286501407623291
738 2.860422372817993 3.9883859157562256 1.3189400434494019
739 2.831594228744507 4.037966728210449 1.3933721780776978
740 2.979102373123169 4.583830833435059 1.5336636304855347
741 2.881380319595337 4.078354358673096 1.3893839120864868
742 2.929394006729126 3.970212697982788 1.3984973430633545
743 2.941978693008423 4.383686065673828 1.2864869832992554
744 2.9007561206817627 4.507939338684082 1.4164149761199951
745 2.981265068054199 4.505100727081299 1.552074670791626
746 2.869389295578003 4.236467361450195 1.2733756303787231
747 2.901906967163086 4.400955677032471 1.4061143398284912
748 2.797595500946045 3.890517234802246 1.2800631523132324
749 2.8972039222717285 3.967921257019043 1.3770089149475098
750 2.8879780769348145 4.093014240264893 1.2330806255340576
751 2.9438936710357666 4.1082353591918945 1.324042797088623
752 3.1272385120391846 3.8587629795074463 1.3144196271896362
753 3.0123188495635986 4.662068843841553 1.4294781684875488
754 2.9851014614105225 4.429605007171631 1.3012934923171997
755 3.0159060955047607 4.326838970184326 1.3934929370880127
756 2.9265003204345703 4.138119220733643 1.4786138534545898
757 2.7601318359375 4.372639179229736 1.319342017173767
758 2.8280041217803955 4.320313930511475 1.3067368268966675
759 2.7754948139190674 4.071778297424316 1.3224124908447266
760 2.8509421348571777 4.457381725311279 1.2880817651748657
761 2.6998507976531982 4.053896427154541 1.2582296133041382
762 3.079918622970581 3.873030662536621 1.369112253189087
763 2.999258041381836 3.951519012451172 1.3464767932891846
764 2.9773685932159424 3.843632698059082 1.3764734268188477
765 3.030845880508423 3.975513219833374 1.2459309101104736
766 2.9996297359466553 3.760228395462036 1.331128478050232
767 2.921616315841675 4.116796493530273 1.3597785234451294
768 2.9842278957366943 4.105386734008789 1.2874451875686646
769 2.9321720600128174 3.827533721923828 1.4690812826156616
770 2.992530345916748 3.844456434249878 1.494977355003357
771 2.9157700538635254 4.066282749176025 1.39925217628479
772 2.963352918624878 3.7357945442199707 1.509292721748352
773 2.7607345581054688 3.867266893386841 1.3970658779144287
774 3.034546375274658 3.869614362716675 1.5228586196899414
775 2.917701005935669 4.395528316497803 1.4146230220794678
776 2.984605073928833 4.689511299133301 1.4882546663284302
777 3.0184566974639893 4.598537445068359 1.400015950202942
778 2.858613967895508 4.6887125968933105 1.4941715002059937
779 2.803924560546875 4.717062950134277 1.359980821609497
780 2.976414918899536 4.702082633972168 1.3295292854309082
781 2.9318859577178955 5.2809553146362305 1.4092952013015747
782 2.8429179191589355 4.5608415603637695 1.3499819040298462
783 2.9328932762145996 5.095682144165039 1.2568111419677734
784 2.9883933067321777 4.565799713134766 1.3845709562301636
785 2.9489235877990723 4.754330635070801 1.3022311925888062
786 3.055159091949463 4.753683090209961 1.3677537441253662
787 2.8868465423583984 4.395443439483643 1.2438645362854004
788 2.896169900894165 4.084681510925293 1.246788501739502
789 2.9658520221710205 4.2833027839660645 1.3449088335037231
790 2.7796380519866943 3.9087531566619873 1.2559187412261963
791 2.854773998260498 3.8661916255950928 1.299613356590271
792 2.9222612380981445 3.925288200378418 1.3999168872833252
793 2.9164695739746094 4.1794209480285645 1.3016208410263062
794 2.970625638961792 3.9739041328430176 1.3004258871078491
795 2.90826153755188 3.933929443359375 1.325553059577942
796 2.9050703048706055 4.218588829040527 1.313518762588501
797 2.9431793689727783 4.0873494148254395 1.3825898170471191
798 2.9354934692382813 3.908024549484253 1.2891037464141846
799 2.917497396469116 4.011063575744629 1.372475504875183
800 2.862215995788574 4.041751861572266 1.312231183052063
801 2.7871053218841553 4.080380916595459 1.416534423828125
802 2.8178772926330566 3.9740653038024902 1.4517184495925903
803 2.8656187057495117 3.9205567836761475 1.3758907318115234
804 3.002854347229004 4.191283702850342 1.3476253747940063
805 2.8978383541107178 3.8125269412994385 1.3601797819137573
806 3.0440447330474854 3.92022442817688 1.4496933221817017
807 2.7871158123016357 3.811830520629883 1.3478857278823853
808 2.718378782272339 4.084968566894531 1.3332860469818115
809 2.685128927230835 4.101844310760498 1.3060314655303955
810 2.781071901321411 3.6900246143341064 1.3773359060287476
811 2.7816011905670166 3.707993268966675 1.32052743434906
812 2.6951231956481934 3.955247402191162 1.3417272567749023
813 2.79682993888855 4.110297679901123 1.4509800672531128
814 2.8023605346679688 4.208688259124756 1.4386779069900513
815 2.733147621154785 4.135217666625977 1.2986057996749878
816 2.825698137283325 4.141876220703125 1.3195866346359253
817 2.602060079574585 3.942300319671631 1.346588134765625
818 2.667449712753296 4.3094801902771 1.4333771467208862
819 2.560753583908081 4.228386402130127 1.4221410751342773
820 2.6032285690307617 3.985276937484741 1.2430977821350098
821 2.7141025066375732 4.169819355010986 1.346066951751709
822 2.6377875804901123 4.296902656555176 1.397684097290039
823 2.616110324859619 3.9704864025115967 1.2242430448532104
824 2.6850645542144775 4.155144691467285 1.3283770084381104
825 2.5652718544006348 4.220729827880859 1.23015296459198
826 2.553788185119629 4.265220642089844 1.2203316688537598
827 2.5277438163757324 4.374452590942383 1.2492669820785522
828 2.5221686363220215 4.372501373291016 1.1711642742156982
829 2.5762572288513184 4.477423667907715 1.1573830842971802
830 2.627495050430298 4.563699722290039 1.1821545362472534
831 2.6429104804992676 4.986861705780029 1.2547497749328613
832 2.834723949432373 4.661031246185303 1.3056164979934692
833 2.7748301029205322 4.767992973327637 1.39360511302948
834 2.6608264446258545 4.261641502380371 1.3328652381896973
835 2.5415947437286377 4.46513032913208 1.2992353439331055
836 2.5889036655426025 4.224232196807861 1.2002559900283813
837 2.663975715637207 4.557300090789795 1.3173848390579224
838 2.704172134399414 4.168790340423584 1.2627085447311401
839 2.662309408187866 4.149599552154541 1.417328119277954
840 2.785869598388672 4.251145839691162 1.3774943351745605
841 2.9448752403259277 4.272567272186279 1.3651574850082397
842 2.8289711475372314 4.063295841217041 1.1924880743026733
843 2.791571617126465 4.1929097175598145 1.382495641708374
844 2.8834638595581055 4.169098854064941 1.4223887920379639
845 2.8596577644348145 3.9727554321289063 1.3680013418197632
846 2.7715635299682617 4.030993461608887 1.4384807348251343
847 2.8587863445281982 4.165067672729492 1.325059413909912
848 2.7830700874328613 4.030650615692139 1.3102742433547974
849 2.911351442337036 3.799051523208618 1.5048378705978394
850 3.032925844192505 3.87911319732666 1.4700242280960083
851 2.8810720443725586 3.83105206489563 1.35397469997406
852 2.8336431980133057 4.122092247009277 1.3425817489624023
853 2.6923980712890625 4.232280731201172 1.2105762958526611
854 2.7957358360290527 4.166620254516602 1.2423123121261597
855 2.9948911666870117 3.8124825954437256 1.2321784496307373
856 2.7038087844848633 3.935298442840576 1.2170867919921875
857 2.6526432037353516 4.112584590911865 1.2944782972335815
858 2.6774306297302246 4.305081844329834 1.1049273014068604
859 2.7350621223449707 4.157445430755615 1.2075520753860474
860 2.616157054901123 3.824373722076416 1.2291276454925537
861 2.862277030944824 3.860999345779419 1.3881760835647583
862 2.8282177448272705 3.7879505157470703 1.3486543893814087
863 2.854064464569092 3.958667755126953 1.4371588230133057
864 3.0055489540100098 3.8171305656433105 1.3965007066726685
865 2.709766149520874 4.092175006866455 1.2963290214538574
866 2.6962697505950928 4.019323825836182 1.3110427856445313
867 2.9015467166900635 3.950007438659668 1.3416039943695068
868 2.7356009483337402 4.13681697845459 1.35138738155365
869 2.8412907123565674 4.198284149169922 1.5150952339172363
870 2.8968265056610107 4.306637763977051 1.5287652015686035
871 3.0373778343200684 4.05687141418457 1.4624882936477661
872 2.9941012859344482 4.506376266479492 1.322721242904663
873 2.869783639907837 4.132876396179199 1.4984667301177979
874 2.8410446643829346 4.006704807281494 1.3504260778427124
875 2.719374418258667 3.7840945720672607 1.2459622621536255
876 2.84672212600708 4.0566630363464355 1.3980878591537476
877 2.8324692249298096 4.070096969604492 1.3540490865707397
878 2.911445379257202 3.9679360389709473 1.2993377447128296
879 2.8062634468078613 3.807141065597534 1.300878882408142
880 2.9034764766693115 3.7678136825561523 1.3119492530822754
881 2.7997548580169678 3.8421618938446045 1.4496204853057861
882 2.909376621246338 3.8023715019226074 1.329280138015747
883 2.7295618057250977 3.8605895042419434 1.2934995889663696
884 2.522341728210449 3.629284143447876 1.2796919345855713
885 2.7223258018493652 3.6966991424560547 1.2385189533233643
886 2.8042917251586914 3.8942136764526367 1.3831666707992554
887 2.8673551082611084 4.07282018661499 1.314002513885498
888 2.9508092403411865 3.954726219177246 1.2824699878692627
889 2.9301657676696777 3.9496405124664307 1.420588493347168
890 2.714165687561035 3.7203822135925293 1.2105132341384888
891 2.6993649005889893 3.7331321239471436 1.3058205842971802
892 2.7040295600891113 3.7850379943847656 1.2403621673583984
893 2.893062114715576 3.7011911869049072 1.2101099491119385
894 2.7490715980529785 4.048588275909424 1.2114797830581665
895 2.6602699756622314 4.13526725769043 1.219041347503662
896 2.7474231719970703 4.053709983825684 1.2201007604599
897 2.6901133060455322 3.8832597732543945 1.3280339241027832
898 2.647078037261963 3.6022450923919678 1.1987709999084473
899 2.7921574115753174 3.9307618141174316 1.2736740112304688
900 2.668466806411743 4.178004741668701 1.2090402841567993
901 2.7208704948425293 4.054013252258301 1.2216404676437378
902 2.707857847213745 3.563378095626831 1.226412296295166
903 2.807811737060547 3.8874011039733887 1.2287532091140747
904 2.610753059387207 4.077418804168701 1.2051788568496704
905 2.6229519844055176 4.122790336608887 1.248239517211914
906 2.673316478729248 4.047207832336426 1.2580634355545044
907 2.4521219730377197 4.132991790771484 1.2071095705032349
908 2.628082275390625 4.175444602966309 1.2480857372283936
909 2.6649115085601807 4.436760425567627 1.1854064464569092
910 2.799351215362549 4.28258752822876 1.1936553716659546
911 2.6808793544769287 4.851711750030518 1.339036226272583
912 2.7492058277130127 4.563668251037598 1.2546645402908325
913 2.690671682357788 4.0661516189575195 1.1809788942337036
914 2.4975757598876953 4.165073871612549 1.3202461004257202
915 2.5704290866851807 4.2903056144714355 1.2376235723495483
916 2.611600160598755 3.888014793395996 1.1652597188949585
917 2.552304744720459 4.351988315582275 1.1804841756820679
918 2.6131279468536377 3.964953660964966 1.2001798152923584
919 2.6425483226776123 4.037268161773682 1.2131093740463257
920 2.651423931121826 4.136520862579346 1.4557747840881348
921 2.6501524448394775 4.230892658233643 1.150588870048523
922 2.515995740890503 3.8817379474639893 1.1894429922103882
923 2.5242843627929688 4.295424461364746 1.1902899742126465
924 2.5441226959228516 4.324250221252441 1.2389776706695557
925 2.685128927230835 4.048670768737793 1.244707465171814
926 2.6541810035705566 4.08145809173584 1.2907932996749878
927 2.6696860790252686 3.9015321731567383 1.1539273262023926
928 2.6825993061065674 4.104498863220215 1.1649937629699707
929 2.6403303146362305 4.025311470031738 1.1497960090637207
930 2.612973928451538 3.822451591491699 1.140121579170227
931 2.5775749683380127 3.5815513134002686 1.1078412532806396
932 2.723215341567993 3.6572623252868652 1.129262924194336
933 2.6596240997314453 3.7606589794158936 1.1897528171539307
934 2.7229666709899902 3.813168525695801 1.1379871368408203
935 2.881549119949341 3.788144111633301 1.213830590248108
936 2.921900510787964 3.9538376331329346 1.2807258367538452
937 2.61456561088562 4.036261558532715 1.1685465574264526
938 2.664454221725464 3.7864527702331543 1.2323846817016602
939 2.6561899185180664 3.774742603302002 1.0985156297683716
940 2.8614633083343506 3.8611278533935547 1.274280309677124
941 2.618133306503296 3.7795581817626953 1.1258496046066284
942 2.828428030014038 3.7401206493377686 1.2872648239135742
943 2.687192916870117 4.000108242034912 1.0692143440246582
944 2.606302261352539 4.17019510269165 1.1516214609146118
945 2.7067477703094482 3.880274772644043 1.12541925907135
946 2.6877195835113525 4.179110527038574 1.1112902164459229
947 2.700003147125244 4.202993392944336 1.1934890747070313
948 2.701918125152588 3.9209237098693848 1.2462812662124634
949 2.6269736289978027 4.205844879150391 1.1483607292175293
950 2.6354477405548096 3.898725748062134 1.2903730869293213
951 2.7736871242523193 3.840036153793335 1.1685303449630737
952 2.767958879470825 3.8150033950805664 1.1233893632888794
953 2.8274643421173096 4.089602470397949 1.23488187789917
954 2.754021644592285 3.9678139686584473 1.2708543539047241
955 2.8512580394744873 4.239720821380615 1.1893367767333984
956 2.8161678314208984 4.258028507232666 1.2919429540634155
957 2.8794925212860107 4.066280841827393 1.277723789215088
958 2.664137601852417 4.166074752807617 1.118074893951416
959 2.9448530673980713 4.307554244995117 1.2504006624221802
960 3.130556344985962 3.5180938243865967 1.3799854516983032
961 3.0581181049346924 3.7043888568878174 1.2618259191513062
962 3.034101963043213 3.6225192546844482 1.2473114728927612
963 2.847275495529175 3.6641459465026855 1.1189237833023071
964 2.890439510345459 3.8291611671447754 1.10830819606781
965 2.778369665145874 3.7172000408172607 1.1875929832458496
966 2.6958789825439453 3.902859926223755 1.2136013507843018
967 2.835167407989502 3.934877872467041 1.3024932146072388
968 3.029741048812866 3.8907392024993896 1.3942492008209229
969 2.923762083053589 4.035524845123291 1.3625105619430542
970 2.7430481910705566 3.7444770336151123 1.2766562700271606
971 2.812229633331299 3.7340760231018066 1.230872631072998
972 2.716649293899536 3.8383119106292725 1.3108669519424438
973 2.703613042831421 3.7114946842193604 1.1736868619918823
974 2.659142017364502 3.610400915145874 1.255332112312317
975 2.744314432144165 3.5383946895599365 1.2693957090377808
976 2.5988614559173584 3.6792800426483154 1.2676758766174316
977 2.9330687522888184 3.6512906551361084 1.246360182762146
978 2.9314205646514893 3.6593472957611084 1.3576282262802124
979 3.000011682510376 3.600446939468384 1.4144999980926514
980 3.031440258026123 3.739182233810425 1.359339952468872
981 2.8519837856292725 4.079159736633301 1.4103065729141235
982 3.0455517768859863 3.812464952468872 1.436622977256775
983 2.9373133182525635 4.170838832855225 1.1723570823669434
984 2.9501242637634277 4.034534931182861 1.2540115118026733
985 2.933180570602417 4.0844879150390625 1.397281527519226
986 3.01690936088562 3.727579116821289 1.3798089027404785
987 2.788213014602661 3.844109058380127 1.2762507200241089
988 2.828913688659668 4.114526271820068 1.284892201423645
989 2.7766261100769043 3.619050979614258 1.2437041997909546
990 3.0388455390930176 4.195620059967041 1.3596806526184082
991 2.6957104206085205 5.021810054779053 1.1978307962417603
992 2.8349051475524902 4.8752264976501465 1.2359788417816162
993 2.7785820960998535 3.9322166442871094 1.2665473222732544
994 2.9583723545074463 3.6094305515289307 1.3805729150772095
995 2.941920042037964 4.030749797821045 1.2577171325683594
996 2.685967445373535 3.8865461349487305 1.1925371885299683
997 3.077777147293091 3.8500864505767822 1.4058610200881958
998 2.913654088973999 3.8043665885925293 1.228115439414978
999 2.797234058380127 3.8362131118774414 1.2009601593017578
1000 2.765193462371826 4.350448131561279 1.2156059741973877
1001 2.60949444770813 3.9426286220550537 1.1722030639648438
1002 2.948044538497925 3.9592156410217285 1.3107550144195557
1003 2.645606517791748 3.9338979721069336 1.0746796131134033
1004 2.6931347846984863 4.162530422210693 1.3302693367004395
1005 2.761080265045166 4.05276346206665 1.2929227352142334
1006 2.638040065765381 3.656093120574951 1.1469073295593262
1007 2.613030433654785 3.4744713306427 1.2126950025558472
1008 3.0245916843414307 3.5719263553619385 1.4437062740325928
1009 2.892270565032959 3.4560153484344482 1.313083529472351
1010 2.827674388885498 3.643679618835449 1.4099453687667847
1011 2.6453278064727783 3.6452219486236572 1.2485193014144897
1012 2.6774520874023438 3.915403366088867 1.2123080492019653
1013 2.656924247741699 3.877931833267212 1.1881272792816162
1014 2.848032236099243 4.346428394317627 1.2879241704940796
1015 2.8035852909088135 3.8225650787353516 1.358424425125122
1016 2.775343894958496 3.813354253768921 1.1861079931259155
1017 2.773714303970337 3.6276814937591553 1.1259859800338745
1018 2.869508981704712 3.566943407058716 1.2034308910369873
1019 2.6509087085723877 3.609020233154297 1.2366315126419067
1020 2.6097047328948975 3.632831573486328 1.114445447921753
1021 2.6870837211608887 3.7367753982543945 1.0911561250686646
1022 2.702648401260376 3.703179121017456 1.116804838180542
1023 2.7162859439849854 3.8846681118011475 1.1777976751327515
1024 2.684931755065918 4.333279609680176 0.9900693893432617
1025 2.802968740463257 4.566474914550781 1.1603810787200928
1026 2.9887239933013916 4.111100196838379 1.1441354751586914
1027 2.80383563041687 4.2092719078063965 1.1243289709091187
1028 2.870173454284668 4.629769325256348 1.057312250137329
1029 2.901089906692505 4.827329158782959 1.0681958198547363
1030 2.810591459274292 4.789546966552734 1.195198893547058
1031 2.8408896923065186 5.716623783111572 1.2604374885559082
1032 2.722662925720215 4.80161190032959 1.0430655479431152
1033 2.510939121246338 5.304167747497559 1.103903889656067
1034 2.4562435150146484 5.325886249542236 1.0004607439041138
1035 2.611708879470825 5.207886695861816 1.1412677764892578
1036 2.4865379333496094 5.401224136352539 1.0488492250442505
1037 2.5725443363189697 5.428844451904297 0.970768928527832
1038 2.6762914657592773 5.081828594207764 1.0145282745361328
1039 2.82504940032959 5.180889129638672 1.077806830406189
1040 2.751415967941284 5.013464450836182 1.1249043941497803
1041 2.804244041442871 4.863321304321289 1.105857253074646
1042 2.7815663814544678 5.1200127601623535 1.1389342546463013
1043 2.8024017810821533 5.033935546875 1.139604926109314
1044 2.885748863220215 4.909689903259277 1.2766000032424927
1045 2.871786117553711 4.653857707977295 1.2187210321426392
1046 2.7513434886932373 5.127679824829102 1.2557212114334106
1047 2.714228868484497 5.553194522857666 1.1729246377944946
1048 2.784057855606079 5.312953948974609 1.1840697526931763
1049 2.659708023071289 5.664034366607666 1.0276093482971191
1050 2.8396353721618652 5.603940963745117 1.1317129135131836
1051 2.6873772144317627 5.157815933227539 1.286798357963562
1052 2.879051923751831 5.0591230392456055 1.1707311868667603
1053 2.873300552368164 4.923648357391357 1.107265830039978
1054 2.8514890670776367 4.813879489898682 1.1266099214553833
1055 2.714853286743164 4.987156391143799 1.138332724571228
1056 2.5203516483306885 4.794133186340332 1.078835368156433
1057 2.6776347160339355 4.8454999923706055 1.046764850616455
1058 2.8111515045166016 4.594417572021484 1.1343435049057007
1059 2.5842783451080322 4.727663993835449 1.0736339092254639
1060 2.7453343868255615 4.057474136352539 1.10780930519104
1061 2.70403790473938 4.613923072814941 1.0735244750976563
1062 2.6978752613067627 4.392950057983398 1.1583402156829834
1063 2.723238468170166 4.465975284576416 1.1173985004425049
1064 2.6260881423950195 4.382476806640625 1.0696676969528198
1065 2.6686460971832275 5.394555568695068 1.051771879196167
1066 2.9469664096832275 4.984204292297363 1.1875661611557007
1067 2.81119441986084 5.196438312530518 1.1102790832519531
1068 2.9946157932281494 4.886148452758789 1.2137727737426758
1069 2.8823535442352295 5.426229000091553 1.1667917966842651
1070 2.730882406234741 5.157066822052002 1.183305025100708
1071 2.7704715728759766 4.805484294891357 1.1690938472747803
1072 2.6357932090759277 5.116954803466797 1.0473332405090332
1073 2.683370590209961 5.686855792999268 1.1034531593322754
1074 2.7826316356658936 4.968041896820068 1.055682897567749
1075 2.7580337524414063 4.681371212005615 1.0603793859481812
1076 2.8523874282836914 5.20895528793335 1.1685690879821777
1077 2.8751351833343506 5.218224048614502 1.2500370740890503
1078 2.883598804473877 4.853196620941162 1.1756154298782349
1079 2.6624374389648438 4.800571918487549 1.2442163228988647
1080 2.734668254852295 5.390255451202393 1.127270221710205
1081 2.5925168991088867 5.2980828285217285 1.1911782026290894
1082 2.6639785766601563 5.243983268737793 1.1666390895843506
1083 2.5885894298553467 5.026981353759766 1.0390809774398804
1084 2.6272315979003906 5.2220234870910645 1.1320970058441162
1085 2.6433658599853516 4.718441963195801 1.049088716506958
1086 2.631913423538208 5.069925785064697 1.132152795791626
1087 2.6630146503448486 4.751615524291992 1.084535002708435
1088 2.664914846420288 4.98406457901001 1.0553982257843018
1089 2.728101968765259 4.856655120849609 1.2422069311141968
1090 2.6398966312408447 5.0337748527526855 1.1666427850723267
1091 2.7629404067993164 4.884365081787109 1.1980812549591064
1092 2.8227744102478027 4.773044109344482 1.1121461391448975
1093 2.9284467697143555 4.813826084136963 1.1584131717681885
1094 2.843729257583618 5.423431873321533 1.1545945405960083
1095 2.7810745239257813 5.246070384979248 1.231107473373413
1096 2.7485764026641846 5.230134010314941 1.0858166217803955
1097 2.877434730529785 5.238927841186523 1.2274199724197388
1098 2.7771060466766357 4.927297592163086 1.2081806659698486
1099 2.5853190422058105 5.2717132568359375 1.0704964399337769
1100 2.8801751136779785 5.34962797164917 1.303200602531433
1101 2.7195510864257813 4.662845134735107 1.1678794622421265
1102 2.6307566165924072 4.855198860168457 1.2756364345550537
1103 2.805389642715454 4.946351051330566 1.2097879648208618
1104 2.7843210697174072 5.19071626663208 1.1927729845046997
1105 2.867867946624756 5.16276741027832 1.2322964668273926
1106 2.9367408752441406 5.177415370941162 1.247456431388855
1107 2.9527854919433594 5.320425987243652 1.3517974615097046
1108 3.063065528869629 5.463181018829346 1.4357472658157349
1109 2.862147569656372 5.274937152862549 1.2557955980300903
1110 2.634883165359497 5.138330936431885 1.113311767578125
1111 2.809461832046509 5.086574554443359 1.2472089529037476
1112 3.0843794345855713 5.3379693031311035 1.2267895936965942
1113 2.924553394317627 5.219546318054199 1.2976949214935303
1114 2.9868762493133545 5.0829057693481445 1.2750451564788818
1115 2.877140522003174 5.365827560424805 1.1866496801376343
1116 2.7639007568359375 5.379634380340576 1.0705039501190186
1117 2.729618549346924 5.3928303718566895 1.2186095714569092
1118 2.6616063117980957 5.276988506317139 1.3563814163208008
1119 2.7374417781829834 5.652478218078613 1.168336272239685
1120 2.7253620624542236 5.172492027282715 1.1599586009979248
1121 2.592897415161133 5.452021598815918 1.0664267539978027
1122 2.7145745754241943 5.388079643249512 1.0171772241592407
1123 2.586860418319702 5.337254047393799 1.168357014656067
1124 2.593482732772827 5.042324542999268 1.1663099527359009
1125 2.6060233116149902 4.884139537811279 1.1166120767593384
1126 2.551873207092285 4.97363805770874 1.1920710802078247
1127 2.5779476165771484 5.272331714630127 1.126218318939209
1128 2.5062363147735596 5.439149379730225 1.1525017023086548
1129 2.625688314437866 5.361293792724609 1.0789467096328735
1130 2.6330764293670654 5.744627475738525 1.2076268196105957
1131 2.7498996257781982 5.387832164764404 1.2688138484954834
1132 2.6771888732910156 5.368406772613525 1.2282118797302246
1133 2.766075611114502 5.002143383026123 1.2703115940093994
1134 2.7249035835266113 5.394525051116943 1.2173644304275513
1135 2.436962127685547 5.5285258293151855 1.2462937831878662
1136 2.638486623764038 5.27236270904541 1.2681243419647217
1137 2.8171398639678955 5.390485763549805 1.4808285236358643
1138 2.893390417098999 5.0777201652526855 1.4535433053970337
1139 2.705220937728882 5.268446922302246 1.2277312278747559
1140 2.84433650970459 5.397512435913086 1.2788186073303223
1141 2.8831372261047363 5.333539009094238 1.274462103843689
1142 2.915039539337158 5.425348281860352 1.2688874006271362
1143 2.721931219100952 5.336789608001709 1.211696982383728
1144 2.697906494140625 5.6533203125 1.1648632287979126
1145 3.04433274269104 5.0656208992004395 1.2133456468582153
1146 2.9659264087677 5.369682788848877 1.1790567636489868
1147 3.0170953273773193 5.030820846557617 1.1029908657073975
1148 2.868765115737915 5.019115447998047 1.272523283958435
1149 2.8123767375946045 5.4201130867004395 1.236862063407898
1150 2.8654353618621826 5.010086536407471 1.306434154510498
1151 2.8624868392944336 5.354315757751465 1.2597798109054565
1152 2.774465560913086 5.209097385406494 1.1318845748901367
1153 2.8504371643066406 5.376302719116211 1.161242961883545
1154 2.8686673641204834 5.44616174697876 1.2995662689208984
1155 2.8397672176361084 4.9609150886535645 1.1918392181396484
1156 2.7791075706481934 5.0413360595703125 1.2180438041687012
1157 2.829158067703247 5.223968505859375 1.0877704620361328
1158 2.7996346950531006 4.678518295288086 1.2308495044708252
1159 2.895341396331787 5.112456798553467 1.1050479412078857
1160 2.9127142429351807 5.25229549407959 1.2949007749557495
1161 2.8931291103363037 5.1866230964660645 1.1500569581985474
1162 2.9726979732513428 5.014018535614014 1.2155872583389282
1163 2.9655020236968994 4.813050270080566 1.2058053016662598
1164 3.0568556785583496 5.457144737243652 1.296478509902954
1165 2.8299829959869385 5.41901159286499 1.2618504762649536
1166 2.7167916297912598 5.597012042999268 1.2141711711883545
1167 3.0734684467315674 5.352165699005127 1.3652167320251465
1168 3.0442612171173096 5.4614033699035645 1.4229563474655151
1169 2.8247601985931396 5.357946872711182 1.397456169128418
1170 2.621854305267334 5.2347731590271 1.3238627910614014
1171 2.928776979446411 5.62847900390625 1.3757834434509277